111111111111111
100000000000001
100000000090001
104004000000001
300000000000001
100000000000001
100400000001111
100000000001111
104000000001111
100000000401111
100040000001111
100000000001111
111111001111111
111111001111111
111111311111111
111111111111111
100000000000001
100000000000001
100000000000001
000000000000001
100000000000001
100000000001111
100000000001111
100000000001111
100000000001111
100000000001111
100000000001111
111111001111111
111111101111111
111111111111111
00000
00000
00000
00804
10608
00000
