111111111111111
111111111111111
111111111111111
111111110000011
111111000000011
111111000000011
100900000000011
300000000000011
100000000000011
100000000000011
100000000040011
100000000000011
100000000000011
100004000000011
111111111111311
111111111111111
111111111111111
111111111111111
111111110000011
111111000000011
111111000000011
100100000000011
000000000000011
100000000000011
100000000000011
100000000010011
100000000000011
100000000000011
100001000000011
111111111111111
00000
00000
00000
10802
20103
00000
