111111311111111
100000004000001
100400000400001
101100000000001
101140000004001
140000000400001
100000000000001
100004000000001
100110000400001
100110000011001
100400000011001
100000040000401
100004000000001
100000000040001
111111121111111
111111011111111
100000002000001
100200000200001
100000000000001
100020000002001
120000000200001
100000000000001
100002000000001
100000000200001
100000000000001
100200000000001
100000020000201
100002000000001
100000000020001
111111101111111
30106
00000
00000
20907
00000
00000
