111111211111111
100000000000001
100000000000001
100000000000001
100000000000001
100000000000001
100000000000001
100000000000001
100000000000001
100000000000001
100000000000001
100000000000001
100000090000001
100000000000001
111111111111111
111111011111111
100000000000001
100000000000001
100000000000001
100000000000001
100000000000001
100000000000001
100000000000001
100000000000001
100000000000001
100000000000001
100000000000001
100000020000001
100000000000001
111111111111111
21307
00000
00000
00000
00000
00000
