111100111188888
111100011188888
111160011188888
111100011188888
111100511188888
111100011188888
111100011188888
111100007188888
111100000188888
111121111188888
888888888888888
888888888888888
888888888888888
888888888888888
888888888888888
111100111188888
111100011188888
111160011188888
111100011188888
111100511188888
111100011188888
111100011188888
111100000188888
111100000188888
111101111188888
888888888888888
888888888888888
888888888888888
888888888888888
888888888888888
00401
00000
00000
00000
00000
00000
0304
