111111111188888
111111111188888
111111100188888
111111100188888
111110700188888
111110000188888
111500000288888
111000000188888
100000006188888
112111111188888
888888888888888
888888888888888
888888888888888
888888888888888
888888888888888
111111111188888
111111111188888
111111100188888
111111100188888
111110000188888
111110000188888
111500000088888
111000000188888
100000006188888
111111111188888
888888888888888
888888888888888
888888888888888
888888888888888
888888888888888
01306
10701
00000
00000
00000
00000
0807
