111211111188888
110011061188888
110011001188888
100000000188888
110011001188888
110011001188888
170000005188888
111000001188888
111110001188888
111111100188888
111111121188888
888888888888888
888888888888888
888888888888888
888888888888888
111011111188888
110011061188888
110011001188888
100000000188888
110011001188888
110011001188888
100000005188888
111000001188888
111110001188888
111111100188888
111111111188888
888888888888888
888888888888888
888888888888888
888888888888888
11312
20106
00000
00000
00000
00000
0207
